./images/0405_1.jpeg,0,114.6194309,36.0841376,203.35,0.009,0.009,0.021,-92.5,1.9,-1.3,1,10,1
./images/0405_2.jpeg,0,114.6194488,36.0845632,203.41,0.011,0.011,0.024,-102.2,-1.3,0.2,1,10,1
./images/0405_3.jpeg,0,114.6194515,36.0849888,203.47,0.011,0.011,0.023,-99,0.5,-0.8,1,10,1
./images/0405_4.jpeg,0,114.6194532,36.0854176,203.36,0.01,0.01,0.023,-100,0.1,1,1,10,1
./images/0405_5.jpeg,0,114.6194571,36.0858496,203.35,0.01,0.01,0.023,-99.8,0.5,0.3,1,10,1
./images/0405_6.jpeg,0,114.6194584,36.0862816,203.37,0.014,0.014,0.031,-99.6,0,1,1,10,1
./images/0405_7.jpeg,0,114.6194614,36.0867136,203.24,0.013,0.013,0.028,-99.7,0.1,1.3,1,10,1
./images/0405_8.jpeg,0,114.6194645,36.0871424,203.35,0.009,0.009,0.021,-99.1,0.4,1.1,1,10,1
./images/0405_9.jpeg,0,114.6194665,36.0875776,203.41,0.013,0.013,0.029,-98.7,0,2.2,1,10,1
./images/0405_10.jpeg,0,114.6194702,36.0880096,203.4,0.01,0.01,0.023,-99.3,0.6,1.7,1,10,1
./images/0405_11.jpeg,0,114.6194728,36.0884448,203.41,0.012,0.012,0.027,-98.6,0.1,2.1,1,10,1
./images/0405_12.jpeg,0,114.619476,36.0888768,203.41,0.01,0.01,0.024,-99.1,0.3,0.7,1,10,1
./images/0405_13.jpeg,0,114.6194783,36.0893088,203.29,0.011,0.011,0.025,-99.5,0.2,1.8,1,10,1
./images/0405_14.jpeg,0,114.6194808,36.0897408,203.32,0.027,0.027,0.071,-100.4,0,3.1,1,10,1
./images/0405_15.jpeg,0,114.6194835,36.0901728,203.3,0.011,0.011,0.026,-101.3,0,2.3,1,10,1
./images/0405_16.jpeg,0,114.6194863,36.0906048,203.38,0.009,0.009,0.021,-100.3,-0.1,3.5,1,10,1
./images/0405_17.jpeg,0,114.6194893,36.09104,203.33,0.01,0.01,0.022,-100,0.5,0.9,1,10,1
./images/0405_18.jpeg,0,114.6194912,36.091472,203.46,0.011,0.011,0.025,-99.3,0,2.1,1,10,1
./images/0405_19.jpeg,0,114.6194944,36.0919072,203.35,0.01,0.01,0.024,-97.8,0.5,1,1,10,1
./images/0405_20.jpeg,0,114.6194983,36.0923392,203.42,0.01,0.01,0.023,-98.4,0.6,-0.8,1,10,1
./images/0405_21.jpeg,0,114.6194999,36.0927744,203.27,0.011,0.011,0.024,-98,-0.2,0.7,1,10,1
./images/0405_22.jpeg,0,114.6195035,36.0932032,203.4,0.011,0.011,0.026,-99.5,0.6,-0.2,1,10,1
./images/0405_23.jpeg,0,114.6195059,36.093632,203.39,0.009,0.009,0.02,-93.8,0,0,1,10,1
./images/0405_24.jpeg,0,114.6193549,36.0940384,203.27,0.009,0.009,0.021,-96.9,-54.8,0,1,10,1
./images/0405_25.jpeg,0,114.6189306,36.094112,203.28,0.01,0.01,0.023,-91.5,-107.6,0.9,1,10,1
./images/0405_26.jpeg,0,114.6185827,36.0938656,203.3,0.029,0.029,0.087,-88.8,-162.8,-5.3,1,10,1
./images/0405_27.jpeg,0,114.6185733,36.0934368,203.49,0.013,0.013,0.028,-91.2,-178.7,0,1,10,1
./images/0405_28.jpeg,0,114.6185696,36.0929952,203.37,0.009,0.009,0.022,-90.9,179.6,2.5,1,10,1
./images/0405_29.jpeg,0,114.6185649,36.0925632,203.38,0.012,0.012,0.028,-90.8,-179.2,1.3,1,10,1
./images/0405_30.jpeg,0,114.6185613,36.0921312,203.34,0.011,0.011,0.026,-90.7,180,0.3,1,10,1
./images/0405_31.jpeg,0,114.6185584,36.0916992,203.38,0.009,0.009,0.021,-90.6,-179.3,-0.6,1,10,1
./images/0405_32.jpeg,0,114.6185556,36.0912672,203.34,0.01,0.01,0.023,-90.5,-179.7,-0.6,1,10,1
./images/0405_33.jpeg,0,114.6185533,36.090832,203.34,0.009,0.009,0.022,-90.2,-179.9,-0.6,1,10,1
./images/0405_34.jpeg,0,114.6185503,36.0904,203.37,0.009,0.009,0.022,-91.5,-179.4,0,1,10,1
./images/0405_35.jpeg,0,114.6185465,36.089968,203.4,0.014,0.014,0.032,-90.9,-179.5,-1.4,1,10,1
./images/0405_36.jpeg,0,114.6185418,36.089536,203.49,0.013,0.013,0.03,-90.6,-179.7,-5.6,1,10,1
./images/0405_37.jpeg,0,114.6185411,36.089104,203.4,0.012,0.012,0.031,-90.3,-179.1,-1.9,1,10,1
./images/0405_38.jpeg,0,114.6185395,36.0886688,203.35,0.01,0.01,0.022,-92.7,-179.4,-0.3,1,10,1
./images/0405_39.jpeg,0,114.618536,36.08824,203.42,0.009,0.009,0.021,-96.4,-179.6,0.3,1,10,1
./images/0405_40.jpeg,0,114.6185326,36.0878048,203.35,0.012,0.012,0.028,-92.1,-179.6,-1.1,1,10,1
./images/0405_41.jpeg,0,114.6185304,36.0873728,203.34,0.009,0.009,0.021,-92.6,-179.5,0.5,1,10,1
./images/0405_42.jpeg,0,114.6185275,36.0869376,203.34,0.011,0.011,0.026,-88.7,-179.6,-1.1,1,10,1
./images/0405_43.jpeg,0,114.618525,36.0865056,203.29,0.016,0.016,0.036,-91.6,180,0.3,1,10,1
./images/0405_44.jpeg,0,114.6185222,36.0860736,203.32,0.019,0.019,0.043,-90.9,-179.6,0.2,1,10,1
./images/0405_45.jpeg,0,114.6185194,36.0856384,203.38,0.023,0.023,0.05,-90.8,-179.9,1.2,1,10,1
./images/0405_46.jpeg,0,114.6185169,36.0852064,203.43,0.025,0.025,0.056,-91.9,-179.7,1,1,10,1
./images/0405_47.jpeg,0,114.6185136,36.0847744,203.36,0.03,0.03,0.08,-92.1,-179,-0.2,1,10,1
./images/0405_48.jpeg,0,114.6185108,36.0843424,203.38,0.01,0.01,0.024,-86.6,-179.6,0.2,1,10,1
./images/0405_49.jpeg,0,114.6184327,36.0839168,203.31,0.014,0.014,0.032,-92,-140.5,9.7,1,10,1
./images/0405_50.jpeg,0,114.6180336,36.0837696,203.44,0.01,0.01,0.024,-92.3,-87.4,11.6,1,10,1
./images/0405_51.jpeg,0,114.6176404,36.0839488,203.44,0.016,0.016,0.035,-97.7,-29.8,7.9,1,10,1
./images/0405_52.jpeg,0,114.6175824,36.084384,203.34,0.012,0.012,0.026,-104.5,-2.2,-2.1,1,10,1
./images/0405_53.jpeg,0,114.6175804,36.0848096,203.43,0.015,0.015,0.033,-96.9,0.4,-0.5,1,10,1
./images/0405_54.jpeg,0,114.6175826,36.0852416,203.22,0.014,0.014,0.031,-99.6,-0.5,0.9,1,10,1
./images/0405_55.jpeg,0,114.6175861,36.0856704,203.37,0.014,0.014,0.031,-101.8,0.7,0,1,10,1
./images/0405_56.jpeg,0,114.6175874,36.0861024,203.33,0.016,0.016,0.034,-99.4,-0.1,0,1,10,1
./images/0405_57.jpeg,0,114.6175911,36.0865376,203.36,0.009,0.009,0.023,-100.1,0.7,0,1,10,1
./images/0405_58.jpeg,0,114.617593,36.0869696,203.41,0.008,0.008,0.02,-99.9,0.2,0.1,1,10,1
./images/0405_59.jpeg,0,114.6175961,36.0874016,203.31,0.01,0.01,0.024,-99.3,0.2,0.6,1,10,1
./images/0405_60.jpeg,0,114.6175989,36.0878368,203.41,0.012,0.012,0.028,-99,0.1,2,1,10,1
./images/0405_61.jpeg,0,114.6176007,36.0882688,203.29,0.01,0.01,0.023,-100.6,0.2,2.6,1,10,1
./images/0405_62.jpeg,0,114.6176044,36.0887008,203.39,0.008,0.008,0.02,-98.5,0.7,1.3,1,10,1
./images/0405_63.jpeg,0,114.617608,36.0891328,203.38,0.013,0.013,0.03,-100,0.3,0.8,1,10,1
./images/0405_64.jpeg,0,114.61761,36.089568,203.5,0.01,0.01,0.023,-99.1,0,1.8,1,10,1
./images/0405_65.jpeg,0,114.6176116,36.09,203.29,0.009,0.009,0.021,-100.7,0.1,3.8,1,10,1
./images/0405_66.jpeg,0,114.6176163,36.0904352,203.37,0.01,0.01,0.023,-98,0.3,1.2,1,10,1
./images/0405_67.jpeg,0,114.6176191,36.0908672,203.34,0.01,0.01,0.025,-100.4,0,0.9,1,10,1
./images/0405_68.jpeg,0,114.6176227,36.0912992,203.24,0.009,0.009,0.022,-98.4,0.6,-0.5,1,10,1
./images/0405_69.jpeg,0,114.6176238,36.0917312,203.39,0.012,0.012,0.028,-99,0,0.5,1,10,1
./images/0405_70.jpeg,0,114.6176268,36.0921664,203.24,0.01,0.01,0.024,-97.5,0.7,0.7,1,10,1
./images/0405_71.jpeg,0,114.6176303,36.0926016,203.28,0.011,0.011,0.024,-97.1,0.2,-0.1,1,10,1
./images/0405_72.jpeg,0,114.6176339,36.0930304,203.3,0.01,0.01,0.023,-100.7,0.3,-0.8,1,10,1
./images/0405_73.jpeg,0,114.6176355,36.0934784,203.43,0.009,0.009,0.021,-100.1,0,0.1,1,10,1
./images/0405_74.jpeg,0,114.6176185,36.0938944,203.39,0.012,0.012,0.029,-98.3,-24.4,-6.5,1,10,1
./images/0405_75.jpeg,0,114.6172636,36.094128,203.4,0.01,0.01,0.025,-92.8,-83.9,-2.4,1,10,1
./images/0405_76.jpeg,0,114.6168455,36.0940288,203.25,0.01,0.01,0.022,-89.5,-135.9,-2.2,1,10,1
./images/0405_77.jpeg,0,114.6167059,36.0936256,203.25,0.011,0.011,0.025,-94.9,-177.6,5.2,1,10,1
./images/0405_78.jpeg,0,114.6166999,36.0931936,203.3,0.009,0.009,0.022,-90.4,-179.6,2.4,1,10,1
./images/0405_79.jpeg,0,114.6166975,36.0927616,203.44,0.01,0.01,0.024,-90.4,-179.7,2.1,1,10,1
./images/0405_80.jpeg,0,114.6166941,36.0923296,203.36,0.011,0.011,0.026,-91.9,179.2,1.6,1,10,1
./images/0405_81.jpeg,0,114.6166898,36.0918976,203.44,0.008,0.008,0.02,-94.6,179.7,-1.2,1,10,1
./images/0405_82.jpeg,0,114.6166883,36.0914656,203.31,0.01,0.01,0.022,-93.2,179.6,0,1,10,1
./images/0405_83.jpeg,0,114.6166841,36.0910336,203.36,0.011,0.011,0.025,-92,-179.2,-2,1,10,1
./images/0405_84.jpeg,0,114.6166819,36.0905984,203.28,0.012,0.012,0.026,-90.8,-179.9,0.8,1,10,1
./images/0405_85.jpeg,0,114.6166783,36.0901664,203.37,0.012,0.012,0.028,-90.6,179.6,-3.1,1,10,1
./images/0405_86.jpeg,0,114.6166758,36.0897344,203.32,0.011,0.011,0.026,-91.8,-179.2,-1,1,10,1
./images/0405_87.jpeg,0,114.6166733,36.0892992,203.36,0.01,0.01,0.023,-91.3,-179.6,-0.2,1,10,1
./images/0405_88.jpeg,0,114.616671,36.0888672,203.38,0.012,0.012,0.026,-91.8,-179.6,-1.2,1,10,1
./images/0405_89.jpeg,0,114.6166682,36.0884352,203.33,0.011,0.011,0.025,-92.3,-179.8,-0.7,1,10,1
./images/0405_90.jpeg,0,114.6166648,36.0880032,203.43,0.026,0.026,0.068,-92.4,-179.5,-1.1,1,10,1
./images/0405_91.jpeg,0,114.6166621,36.0875712,203.39,0.01,0.01,0.024,-92.6,-179.8,-1.3,1,10,1
./images/0405_92.jpeg,0,114.6166594,36.087136,203.48,0.012,0.012,0.029,-92,-179.7,-1.1,1,10,1
./images/0405_93.jpeg,0,114.6166557,36.086704,203.33,0.016,0.016,0.038,-91.6,-179.6,-2.7,1,10,1
./images/0405_94.jpeg,0,114.6166542,36.086272,203.34,0.02,0.02,0.046,-90.7,-179.8,-0.9,1,10,1
./images/0405_95.jpeg,0,114.6166519,36.08584,203.33,0.01,0.01,0.025,-91.4,-179.7,-0.7,1,10,1
./images/0405_96.jpeg,0,114.6166486,36.0854048,203.43,0.008,0.008,0.02,-91.6,-179.3,-0.9,1,10,1
./images/0405_97.jpeg,0,114.6166446,36.0849728,203.36,0.009,0.009,0.021,-92,-179.4,-1.7,1,10,1
./images/0405_98.jpeg,0,114.6166432,36.0845408,203.39,0.01,0.01,0.023,-92.2,179.8,-0.6,1,10,1
./images/0405_99.jpeg,0,114.6166407,36.0841152,203.18,0.01,0.01,0.023,-86.4,-174.6,2,1,10,1
./images/0405_100.jpeg,0,114.6163504,36.0838016,203.45,0.015,0.015,0.034,-91.4,-109.1,10,1,10,1
./images/0405_101.jpeg,0,114.6159268,36.0838336,203.38,0.012,0.012,0.027,-93.7,-58.6,12.1,1,10,1
./images/0405_102.jpeg,0,114.6156943,36.0841984,203.36,0.011,0.011,0.024,-100.3,-0.5,11.5,1,10,1
./images/0405_103.jpeg,0,114.6157079,36.0846208,203.43,0.011,0.011,0.026,-98.8,1.1,1.9,1,10,1
./images/0405_104.jpeg,0,114.6157118,36.085056,203.38,0.009,0.009,0.021,-99.7,0.1,0.7,1,10,1
./images/0405_105.jpeg,0,114.6157143,36.085488,203.29,0.011,0.011,0.025,-100.9,-0.2,0.4,1,10,1
./images/0405_106.jpeg,0,114.6157165,36.08592,203.35,0.011,0.011,0.025,-100.6,0.2,0.3,1,10,1
./images/0405_107.jpeg,0,114.6157193,36.086352,203.43,0.011,0.011,0.027,-99.3,0.3,0.4,1,10,1
./images/0405_108.jpeg,0,114.6157221,36.0867872,203.39,0.009,0.009,0.022,-99.4,0,0.6,1,10,1
./images/0405_109.jpeg,0,114.6157259,36.0872192,203.37,0.009,0.009,0.021,-100.7,0.5,-0.4,1,10,1
./images/0405_110.jpeg,0,114.6157286,36.0876512,203.34,0.009,0.009,0.023,-101.6,0.2,-1.4,1,10,1
./images/0405_111.jpeg,0,114.6157311,36.0880864,203.47,0.011,0.011,0.025,-99.9,-0.2,1.5,1,10,1
./images/0405_112.jpeg,0,114.615734,36.0885184,203.31,0.01,0.01,0.025,-100.1,0.3,1.2,1,10,1
./images/0405_113.jpeg,0,114.6157366,36.0889504,203.46,0.011,0.011,0.025,-99.7,0.4,0.9,1,10,1
./images/0405_114.jpeg,0,114.6157393,36.0893856,203.38,0.012,0.012,0.029,-100.4,0.1,0.6,1,10,1
./images/0405_115.jpeg,0,114.6157427,36.0898176,203.35,0.01,0.01,0.024,-99.4,0.3,-1.4,1,10,1
./images/0405_116.jpeg,0,114.6157454,36.0902496,203.49,0.008,0.008,0.02,-100,0,0.2,1,10,1
./images/0405_117.jpeg,0,114.6157476,36.0906848,203.3,0.01,0.01,0.025,-99.1,0.1,1.7,1,10,1
./images/0405_118.jpeg,0,114.6157512,36.0911168,203.47,0.01,0.01,0.025,-98.9,0.4,0.9,1,10,1
./images/0405_119.jpeg,0,114.6157537,36.091552,203.31,0.009,0.009,0.021,-98,0.2,0.2,1,10,1
./images/0405_120.jpeg,0,114.6157565,36.091984,203.25,0.01,0.01,0.024,-98.3,0,0.7,1,10,1
./images/0405_121.jpeg,0,114.6157593,36.0924192,203.41,0.01,0.01,0.033,-97.4,0.3,1.1,1,10,1
./images/0405_122.jpeg,0,114.6157628,36.0928512,203.35,0.008,0.008,0.02,-97,0,0.6,1,10,1
./images/0405_123.jpeg,0,114.6157641,36.0932832,203.14,0.009,0.009,0.021,-100.7,-0.6,2.9,1,10,1
./images/0405_124.jpeg,0,114.6157691,36.0937184,203.4,0.01,0.01,0.025,-91.7,0.8,-0.2,1,10,1
./images/0405_125.jpeg,0,114.6155541,36.0940864,203.31,0.01,0.01,0.024,-93.3,-65.1,0.1,1,10,1
./images/0405_126.jpeg,0,114.6151208,36.094112,203.29,0.01,0.01,0.033,-90.7,-115.6,-2.7,1,10,1
./images/0405_127.jpeg,0,114.6148232,36.093808,203.37,0.009,0.009,0.023,-89.1,-174.6,-7,1,10,1
./images/0405_128.jpeg,0,114.6148291,36.0933792,203.49,0.009,0.009,0.022,-90,-169.4,-4.2,1,10,1
./images/0405_129.jpeg,0,114.6148282,36.0929408,203.42,0.01,0.01,0.024,-90.3,-176.7,0.1,1,10,1
./images/0405_130.jpeg,0,114.6148255,36.0925088,203.32,0.007,0.007,0.018,-90.1,179.4,0.8,1,10,1
./images/0405_131.jpeg,0,114.6148229,36.09208,203.34,0.009,0.009,0.023,-91.7,-179.2,0.2,1,10,1
./images/0405_132.jpeg,0,114.6148193,36.091648,203.42,0.009,0.009,0.022,-92,-179.9,-1.1,1,10,1
./images/0405_133.jpeg,0,114.6148167,36.0912128,203.39,0.009,0.009,0.022,-92.7,-179.8,-1.1,1,10,1
./images/0405_134.jpeg,0,114.6148132,36.0907808,203.33,0.011,0.011,0.027,-91.7,-179.3,-2,1,10,1
./images/0405_135.jpeg,0,114.6148116,36.0903488,203.41,0.009,0.009,0.022,-91.3,-179.5,-0.3,1,10,1
./images/0405_136.jpeg,0,114.6148089,36.0899136,203.33,0.012,0.012,0.028,-90.8,-179.7,-0.7,1,10,1
./images/0405_137.jpeg,0,114.6148062,36.0894848,203.39,0.012,0.012,0.027,-92.1,-179.2,-0.8,1,10,1
./images/0405_138.jpeg,0,114.6148032,36.0890496,203.37,0.01,0.01,0.023,-92.6,179.7,-0.9,1,10,1
./images/0405_139.jpeg,0,114.6147994,36.0886176,203.37,0.011,0.011,0.027,-91.5,179.4,-1.8,1,10,1
./images/0405_140.jpeg,0,114.614797,36.0881856,203.39,0.014,0.014,0.031,-92.4,-179.7,-0.5,1,10,1
./images/0405_141.jpeg,0,114.6147938,36.0877504,203.3,0.018,0.018,0.04,-90.8,-179.3,-0.7,1,10,1
./images/0405_142.jpeg,0,114.6147913,36.0873184,203.37,0.01,0.01,0.033,-91.7,-179.9,-1,1,10,1
./images/0405_143.jpeg,0,114.6147887,36.0868864,203.42,0.024,0.024,0.067,-92.1,-179.7,-0.2,1,10,1
./images/0405_144.jpeg,0,114.6147859,36.0864544,203.39,0.013,0.013,0.03,-92.6,-179.8,-0.6,1,10,1
./images/0405_145.jpeg,0,114.614783,36.0860224,203.43,0.017,0.017,0.039,-93.4,-179.8,-0.7,1,10,1
./images/0405_146.jpeg,0,114.6147803,36.0855872,203.34,0.011,0.011,0.026,-92.1,-179,0,1,10,1
./images/0405_147.jpeg,0,114.6147776,36.0851552,203.4,0.015,0.015,0.036,-93.4,179.1,-0.1,1,10,1
./images/0405_148.jpeg,0,114.6147738,36.0847232,203.39,0.014,0.014,0.033,-93.9,-179.3,-1.5,1,10,1
./images/0405_149.jpeg,0,114.6147712,36.0842944,203.34,0.009,0.009,0.022,-85.2,-179.7,-1.4,1,10,1
./images/0405_150.jpeg,0,114.6146428,36.083888,203.33,0.01,0.01,0.023,-90.4,-132.9,9.3,1,10,1
./images/0405_151.jpeg,0,114.6142203,36.0837952,203.32,0.014,0.014,0.033,-93.8,-77,9.9,1,10,1
./images/0405_152.jpeg,0,114.6138566,36.0840256,203.48,0.014,0.014,0.031,-96.9,-19.7,8.9,1,10,1
./images/0405_153.jpeg,0,114.6138404,36.0844608,203.23,0.01,0.01,0.023,-101.6,-1.7,0.8,1,10,1
./images/0405_154.jpeg,0,114.6138421,36.0849024,203.36,0.01,0.01,0.024,-99.6,0.2,0.3,1,10,1
./images/0405_155.jpeg,0,114.6138429,36.0853312,203.27,0.012,0.012,0.028,-101.7,0,4.3,1,10,1
./images/0405_156.jpeg,0,114.6138477,36.0857664,203.54,0.01,0.01,0.031,-99.5,1.6,0,1,10,1
./images/0405_157.jpeg,0,114.6138507,36.0861984,203.31,0.01,0.01,0.024,-100.4,0.9,-2.3,1,10,1
./images/0405_158.jpeg,0,114.6138518,36.0866304,203.35,0.01,0.01,0.025,-100.8,-0.1,0.4,1,10,1
./images/0405_159.jpeg,0,114.613855,36.0870624,203.42,0.01,0.01,0.025,-100.7,0.3,-0.2,1,10,1
./images/0405_160.jpeg,0,114.6138575,36.0874944,203.44,0.009,0.009,0.023,-101.4,0,1,1,10,1
./images/0405_161.jpeg,0,114.6138596,36.0879264,203.23,0.011,0.011,0.026,-101.4,-0.4,3,1,10,1
./images/0405_162.jpeg,0,114.6138627,36.0883616,203.3,0.011,0.011,0.027,-102,0,3.3,1,10,1
./images/0405_163.jpeg,0,114.6138664,36.0887936,203.51,0.014,0.014,0.032,-100.5,1.3,2.1,1,10,1
./images/0405_164.jpeg,0,114.6138688,36.0892288,203.47,0.01,0.01,0.025,-99.9,0.1,2.2,1,10,1
./images/0405_165.jpeg,0,114.6138717,36.089664,203.25,0.012,0.012,0.027,-99.7,0.5,1.6,1,10,1
./images/0405_166.jpeg,0,114.6138739,36.090096,203.23,0.009,0.009,0.022,-102.2,-0.2,1.7,1,10,1
./images/0405_167.jpeg,0,114.6138773,36.090528,203.34,0.009,0.009,0.023,-99.5,0.4,1.4,1,10,1
./images/0405_168.jpeg,0,114.6138791,36.0909632,203.34,0.011,0.011,0.026,-98.9,-0.1,2.6,1,10,1
./images/0405_169.jpeg,0,114.6138833,36.0913952,203.35,0.01,0.01,0.024,-101.3,0.2,1.5,1,10,1
./images/0405_170.jpeg,0,114.6138849,36.0918272,203.39,0.01,0.01,0.025,-99.7,0,1.8,1,10,1
./images/0405_171.jpeg,0,114.6138891,36.0922592,203.39,0.011,0.011,0.028,-100.6,0.6,-1.6,1,10,1
./images/0405_172.jpeg,0,114.613891,36.0926944,203.57,0.027,0.027,0.078,-98.8,0,0.5,1,10,1
./images/0405_173.jpeg,0,114.613894,36.0931264,203.36,0.009,0.009,0.022,-99.9,0,1,1,10,1
./images/0405_174.jpeg,0,114.6138979,36.0935584,203.3,0.01,0.01,0.024,-96.5,0.5,-1,1,10,1
./images/0405_175.jpeg,0,114.6138383,36.0939808,203.27,0.012,0.012,0.027,-97.1,-37.1,-3.9,1,10,1
./images/0405_176.jpeg,0,114.6134389,36.0941472,203.33,0.011,0.011,0.026,-91.1,-95.7,-1.2,1,10,1
./images/0405_177.jpeg,0,114.6130376,36.093984,203.3,0.011,0.011,0.027,-90.5,-146.5,-5.2,1,10,1
./images/0405_178.jpeg,0,114.6129709,36.0935552,203.37,0.017,0.017,0.04,-97.2,-178.3,3.8,1,10,1
./images/0405_179.jpeg,0,114.612962,36.0931136,203.52,0.011,0.011,0.025,-92.3,179.9,0,1,10,1
./images/0405_180.jpeg,0,114.6129583,36.0926816,203.31,0.009,0.009,0.022,-92.2,-179.8,1.3,1,10,1
./images/0405_181.jpeg,0,114.612954,36.0922496,203.36,0.01,0.01,0.023,-91.9,-179.7,0.4,1,10,1
./images/0405_182.jpeg,0,114.6129508,36.0918176,203.36,0.013,0.013,0.029,-92.8,-179.8,-1.5,1,10,1
./images/0405_183.jpeg,0,114.6129482,36.0913856,203.4,0.01,0.01,0.024,-92.9,-179.9,0,1,10,1
./images/0405_184.jpeg,0,114.6129449,36.0909536,203.31,0.012,0.012,0.029,-92.4,-179.6,-0.5,1,10,1
./images/0405_185.jpeg,0,114.612943,36.0905216,203.4,0.01,0.01,0.023,-92,-179.7,-0.7,1,10,1
./images/0405_186.jpeg,0,114.612939,36.0900864,203.36,0.009,0.009,0.021,-91.8,-179.3,-2,1,10,1
./images/0405_187.jpeg,0,114.6129374,36.0896544,203.3,0.011,0.011,0.026,-90.5,-179.7,0.5,1,10,1
./images/0405_188.jpeg,0,114.6129334,36.0892192,203.48,0.01,0.01,0.026,-90.8,-178.8,-1.9,1,10,1
./images/0405_189.jpeg,0,114.6129306,36.0887904,203.4,0.015,0.015,0.036,-96.8,179.7,-1.8,1,10,1
./images/0405_190.jpeg,0,114.6129285,36.0883552,203.3,0.009,0.009,0.022,-91.3,-179.3,-0.4,1,10,1
./images/0405_191.jpeg,0,114.6129267,36.0879232,203.35,0.01,0.01,0.025,-91.9,-179.9,0.8,1,10,1
./images/0405_192.jpeg,0,114.6129231,36.087488,203.41,0.01,0.01,0.025,-92.9,-179.6,-0.7,1,10,1
./images/0405_193.jpeg,0,114.6129203,36.087056,203.31,0.028,0.028,0.085,-91.5,-179.5,-0.5,1,10,1
./images/0405_194.jpeg,0,114.6129166,36.086624,203.35,0.03,0.03,0.089,-91.4,-179.5,-0.8,1,10,1
./images/0405_195.jpeg,0,114.612914,36.0861888,203.44,0.032,0.032,0.092,-92.4,-179.8,-1.3,1,10,1
./images/0405_196.jpeg,0,114.6129116,36.0857568,203.36,0.034,0.034,0.096,-91.4,-179.8,-1.7,1,10,1
./images/0405_197.jpeg,0,114.6129086,36.0853248,203.35,0.012,0.012,0.03,-91.8,-179.4,-1.9,1,10,1
./images/0405_198.jpeg,0,114.6129058,36.0848896,203.41,0.014,0.014,0.034,-91,-179.5,-2.4,1,10,1
./images/0405_199.jpeg,0,114.6129038,36.0844576,203.32,0.01,0.01,0.025,-90.9,-179.4,-0.6,1,10,1
./images/0405_200.jpeg,0,114.6128843,36.0840288,203.29,0.014,0.014,0.035,-91.5,-157.4,7.9,1,10,1
./images/0405_201.jpeg,0,114.6125275,36.0837984,203.27,0.009,0.009,0.023,-90.3,-99.9,11.2,1,10,1
./images/0405_202.jpeg,0,114.612107,36.0839008,203.49,0.012,0.012,0.029,-93.7,-44.2,8.9,1,10,1
./images/0405_203.jpeg,0,114.6119709,36.084304,203.31,0.011,0.011,0.027,-102.9,-1.5,-1.8,1,10,1
./images/0405_204.jpeg,0,114.6119708,36.0847328,203.5,0.009,0.009,0.024,-97.3,0.6,0.7,1,10,1
./images/0405_205.jpeg,0,114.6119739,36.085168,203.4,0.01,0.01,0.023,-99.9,0.1,0.2,1,10,1
./images/0405_206.jpeg,0,114.6119761,36.0856,203.56,0.01,0.01,0.024,-99.4,0.2,0.2,1,10,1
./images/0405_207.jpeg,0,114.6119785,36.086032,203.41,0.012,0.012,0.027,-98.3,0.1,1.2,1,10,1
./images/0405_208.jpeg,0,114.6119817,36.0864608,203.33,0.015,0.015,0.035,-99.9,0.6,0.2,1,10,1
./images/0405_209.jpeg,0,114.6119846,36.086896,203.34,0.011,0.011,0.026,-98.6,0,0.5,1,10,1
./images/0405_210.jpeg,0,114.6119863,36.0873312,203.42,0.011,0.011,0.036,-98.7,0,2.8,1,10,1
./images/0405_211.jpeg,0,114.6119893,36.0877632,203.24,0.012,0.012,0.028,-100,0,2.4,1,10,1
./images/0405_212.jpeg,0,114.6119912,36.0881952,203.22,0.011,0.011,0.025,-101.3,-0.6,4.1,1,10,1
./images/0405_213.jpeg,0,114.6119953,36.0886272,203.42,0.015,0.015,0.035,-101,0.7,1.7,1,10,1
./images/0405_214.jpeg,0,114.6119994,36.0890592,203.27,0.019,0.019,0.044,-101.4,1.1,0.1,1,10,1
./images/0405_215.jpeg,0,114.612002,36.0894912,203.33,0.01,0.01,0.026,-101.7,0.2,1.1,1,10,1
./images/0405_216.jpeg,0,114.6120039,36.0899264,203.31,0.01,0.01,0.024,-101,0.2,0.9,1,10,1
./images/0405_217.jpeg,0,114.6120067,36.0903584,203.39,0.009,0.009,0.023,-100.7,0.4,0.9,1,10,1
./images/0405_218.jpeg,0,114.6120109,36.0907904,203.36,0.013,0.013,0.032,-100.1,0.8,-0.4,1,10,1
./images/0405_219.jpeg,0,114.6120118,36.0912224,203.4,0.012,0.012,0.029,-102.5,-0.4,0.1,1,10,1
./images/0405_220.jpeg,0,114.6120153,36.0916544,203.37,0.01,0.01,0.026,-101.4,0.4,0.2,1,10,1
./images/0405_221.jpeg,0,114.612018,36.0920864,203.38,0.013,0.013,0.03,-101.8,0.8,0.1,1,10,1
./images/0405_222.jpeg,0,114.6120214,36.0925216,203.44,0.017,0.017,0.039,-101.5,0,0.3,1,10,1
./images/0405_223.jpeg,0,114.6120239,36.0929536,203.46,0.021,0.021,0.047,-100.6,0.5,0,1,10,1
./images/0405_224.jpeg,0,114.6120259,36.0933888,203.45,0.023,0.023,0.054,-98.4,-0.2,0.3,1,10,1
./images/0405_225.jpeg,0,114.6120281,36.0938144,203.26,0.011,0.011,0.025,-93.2,-5.9,0,1,10,1
./images/0405_226.jpeg,0,114.6117441,36.0941312,203.34,0.009,0.009,0.022,-92.9,-74.8,2.1,1,10,1
./images/0405_227.jpeg,0,114.6113112,36.0940992,203.39,0.01,0.01,0.026,-90.6,-124.1,-2.2,1,10,1
./images/0405_228.jpeg,0,114.6110798,36.0937376,203.35,0.009,0.009,0.025,-94,-177.5,-10.5,1,10,1
./images/0405_229.jpeg,0,114.6110881,36.0933088,203.44,0.011,0.011,0.029,-89.8,-179.4,-4.5,1,10,1
./images/0405_230.jpeg,0,114.6110878,36.0928736,203.34,0.012,0.012,0.029,-90.7,-179.9,-2.6,1,10,1
./images/0405_231.jpeg,0,114.6110857,36.0924416,203.39,0.01,0.01,0.022,-93.7,178.9,-0.6,1,10,1
./images/0405_232.jpeg,0,114.611083,36.0920096,203.41,0.012,0.012,0.026,-93,179.4,-0.2,1,10,1
./images/0405_233.jpeg,0,114.6110812,36.0915776,203.39,0.01,0.01,0.025,-91.5,-179.5,-0.2,1,10,1
./images/0405_234.jpeg,0,114.6110761,36.0911488,203.36,0.015,0.015,0.034,-95.2,-179.9,-1.1,1,10,1
./images/0405_235.jpeg,0,114.6110729,36.0907168,203.38,0.011,0.011,0.026,-93.6,-179.4,-1.8,1,10,1
./images/0405_236.jpeg,0,114.6110706,36.0902816,203.39,0.01,0.01,0.024,-91,-179.6,-1.4,1,10,1
./images/0405_237.jpeg,0,114.6110688,36.0898496,203.42,0.01,0.01,0.023,-88.1,-179.6,0.3,1,10,1
./images/0405_238.jpeg,0,114.6110662,36.0894144,203.36,0.011,0.011,0.028,-92.5,-179.6,-1.2,1,10,1
./images/0405_239.jpeg,0,114.6110635,36.0889824,203.42,0.01,0.01,0.024,-92,-179.7,0.2,1,10,1
./images/0405_240.jpeg,0,114.6110612,36.0885472,203.38,0.014,0.014,0.035,-90.9,-179.8,0.2,1,10,1
./images/0405_241.jpeg,0,114.6110576,36.0881152,203.35,0.01,0.01,0.025,-90.6,-179.5,-0.2,1,10,1
./images/0405_242.jpeg,0,114.6110545,36.08768,203.31,0.009,0.009,0.023,-90.4,-179.4,-0.4,1,10,1
./images/0405_243.jpeg,0,114.6110522,36.087248,203.36,0.009,0.009,0.024,-91.2,-179.6,-0.1,1,10,1
./images/0405_244.jpeg,0,114.6110492,36.086816,203.36,0.01,0.01,0.026,-90.8,-179.8,0.3,1,10,1
./images/0405_245.jpeg,0,114.6110454,36.0863808,203.38,0.012,0.012,0.027,-90.4,-179.7,-1.9,1,10,1
./images/0405_246.jpeg,0,114.6110429,36.0859488,203.35,0.01,0.01,0.026,-90.6,-179.6,-1.8,1,10,1
./images/0405_247.jpeg,0,114.6110405,36.0855168,203.36,0.011,0.011,0.026,-91.1,-179.9,-1.5,1,10,1
./images/0405_248.jpeg,0,114.6110375,36.0850848,203.35,0.015,0.015,0.035,-90.5,-179.7,-1.3,1,10,1
./images/0405_249.jpeg,0,114.6110346,36.0846528,203.34,0.011,0.011,0.025,-91.1,-179.8,-1.3,1,10,1
./images/0405_250.jpeg,0,114.6110318,36.0842176,203.29,0.01,0.01,0.024,-84.2,-179.5,-1,1,10,1
./images/0405_251.jpeg,0,114.610815,36.0838496,203.28,0.011,0.011,0.028,-91.1,-118.8,11,1,10,1
./images/0405_252.jpeg,0,114.6103898,36.0838272,203.31,0.009,0.009,0.023,-94.5,-67.9,13.5,1,10,1
./images/0405_253.jpeg,0,114.6100887,36.0841312,203.54,0.012,0.012,0.028,-98.3,-2.5,6.5,1,10,1
./images/0405_254.jpeg,0,114.6101005,36.0845696,203.47,0.011,0.011,0.027,-101,0.2,-0.5,1,10,1
./images/0405_255.jpeg,0,114.6101026,36.085008,203.35,0.027,0.027,0.09,-100.8,0.2,-1.6,1,10,1
./images/0405_256.jpeg,0,114.6101042,36.08544,203.18,0.019,0.019,0.053,-98.9,0,1.4,1,10,1
./images/0405_257.jpeg,0,114.6101083,36.0858688,203.46,0.009,0.009,0.023,-101,0.1,1,1,10,1
./images/0405_258.jpeg,0,114.610111,36.086304,203.34,0.012,0.012,0.026,-100.5,-0.2,3.4,1,10,1
./images/0405_259.jpeg,0,114.6101145,36.086736,203.3,0.014,0.014,0.033,-100.3,0.7,0.4,1,10,1
./images/0405_260.jpeg,0,114.6101167,36.087168,203.41,0.015,0.015,0.035,-99.9,0.5,0,1,10,1
./images/0405_261.jpeg,0,114.6101199,36.0876032,203.44,0.011,0.011,0.03,-99.8,0.5,0.7,1,10,1
./images/0405_262.jpeg,0,114.6101237,36.0880352,203.43,0.01,0.01,0.026,-100.6,0.3,-1.5,1,10,1
./images/0405_263.jpeg,0,114.6101246,36.0884672,203.37,0.01,0.01,0.027,-100.9,0,0.6,1,10,1
./images/0405_264.jpeg,0,114.6101272,36.0889024,203.37,0.011,0.011,0.029,-99.1,0.2,0.4,1,10,1
./images/0405_265.jpeg,0,114.6101315,36.0893344,203.47,0.014,0.014,0.033,-100.9,0,0.7,1,10,1
./images/0405_266.jpeg,0,114.6101339,36.0897664,203.25,0.01,0.01,0.024,-101.2,0,0.8,1,10,1
./images/0405_267.jpeg,0,114.6101354,36.0902016,203.2,0.01,0.01,0.024,-101.3,0.1,1.8,1,10,1
./images/0405_268.jpeg,0,114.6101393,36.0906336,203.52,0.009,0.009,0.022,-101.5,-0.2,2.2,1,10,1
./images/0405_269.jpeg,0,114.6101429,36.0910656,203.43,0.01,0.01,0.025,-100.7,0.6,-0.3,1,10,1
./images/0405_270.jpeg,0,114.6101445,36.0914976,203.18,0.009,0.009,0.024,-100.5,0,-1.3,1,10,1
./images/0405_271.jpeg,0,114.6101471,36.0919296,203.34,0.011,0.011,0.025,-99.2,0,0.6,1,10,1
./images/0405_272.jpeg,0,114.61015,36.0923648,203.38,0.01,0.01,0.024,-99.5,0.3,0.9,1,10,1
./images/0405_273.jpeg,0,114.6101546,36.0927968,203.43,0.01,0.01,0.025,-99.2,1.2,-2.8,1,10,1
./images/0405_274.jpeg,0,114.6101565,36.0932288,203.47,0.01,0.01,0.026,-100.2,0,0,1,10,1
./images/0405_275.jpeg,0,114.6101578,36.0936768,203.57,0.009,0.009,0.023,-93.1,0.4,0.9,1,10,1
./images/0405_276.jpeg,0,114.6100246,36.094064,203.25,0.013,0.013,0.033,-96.6,-53,0.5,1,10,1
./images/0405_277.jpeg,0,114.609606,36.09416,203.35,0.015,0.015,0.039,-90.5,-103,-3.7,1,10,1
./images/0405_278.jpeg,0,114.6092444,36.09392,203.3,0.01,0.01,0.025,-88.8,-159,-6.6,1,10,1
./images/0405_279.jpeg,0,114.6092252,36.0934816,203.47,0.011,0.011,0.028,-94.8,-179.4,-2.1,1,10,1
./images/0405_280.jpeg,0,114.6092221,36.0930592,203.39,0.01,0.01,0.024,-90.3,-179,0,1,10,1
./images/0405_281.jpeg,0,114.6092187,36.0926272,203.42,0.012,0.012,0.031,-94,-179.6,1.9,1,10,1
./images/0405_282.jpeg,0,114.6092156,36.0921952,203.34,0.011,0.011,0.028,-97.8,-179.3,1.3,1,10,1
./images/0405_283.jpeg,0,114.6092115,36.0917632,203.36,0.009,0.009,0.022,-93.5,-179.9,0.4,1,10,1
./images/0405_284.jpeg,0,114.6092084,36.091328,203.34,0.009,0.009,0.022,-90.2,-179.2,-0.2,1,10,1
./images/0405_285.jpeg,0,114.609204,36.090896,203.41,0.01,0.01,0.025,-90.2,-179.6,-2.1,1,10,1
./images/0405_286.jpeg,0,114.6092025,36.090464,203.41,0.01,0.01,0.026,-90,-178.5,-2.1,1,10,1
./images/0405_287.jpeg,0,114.609199,36.0900288,203.32,0.011,0.011,0.026,-91.8,-179.9,-3.1,1,10,1
./images/0405_288.jpeg,0,114.6091961,36.0895968,203.35,0.009,0.009,0.022,-90.6,-179.2,-2.7,1,10,1
./images/0405_289.jpeg,0,114.6091947,36.0891616,203.41,0.01,0.01,0.023,-92.1,180,-0.8,1,10,1
./images/0405_290.jpeg,0,114.6091918,36.0887296,203.34,0.012,0.012,0.03,-91.3,-179.2,-0.2,1,10,1
./images/0405_291.jpeg,0,114.6091888,36.0882944,203.28,0.011,0.011,0.028,-91.3,-179.6,0.2,1,10,1
./images/0405_292.jpeg,0,114.6091853,36.0878624,203.32,0.012,0.012,0.028,-90.6,-179.4,0,1,10,1
./images/0405_293.jpeg,0,114.6091824,36.0874304,203.38,0.015,0.015,0.036,-91.2,-179.2,-0.5,1,10,1
./images/0405_294.jpeg,0,114.6091806,36.0869952,203.44,0.025,0.025,0.1,-92,-179.2,-0.3,1,10,1
./images/0405_295.jpeg,0,114.6091766,36.0865632,203.42,0.01,0.01,0.024,-90.7,-179.2,-1.5,1,10,1
./images/0405_296.jpeg,0,114.6091748,36.0861312,203.37,0.013,0.013,0.032,-91.9,-179.7,0,1,10,1
./images/0405_297.jpeg,0,114.6091724,36.085696,203.41,0.017,0.017,0.041,-91.4,-179.8,-1.3,1,10,1
./images/0405_298.jpeg,0,114.6091692,36.085264,203.38,0.02,0.02,0.048,-91.3,-179.3,-0.7,1,10,1
./images/0405_299.jpeg,0,114.609166,36.0848288,203.38,0.009,0.009,0.022,-91.3,-179.4,-1,1,10,1
./images/0405_300.jpeg,0,114.6091632,36.0844032,203.24,0.01,0.01,0.025,-84.3,-179.1,-0.9,1,10,1
./images/0405_301.jpeg,0,114.6091623,36.084188,203.3,0.011,0.011,0.023,-81.2,-179.5,-1.2,1,10,1
